165 19607 21330 42745 28030 45398 11119 22313 21884 4925 53808 48238 51692 33143 5118 42822 40885 21741 61938 12125 36332 4087 62446 16476 26665 57884 33537 16965 1371 21521 40767 2267 63201 12777 63492 31190 9919 53931 60391 53876 37584 38626 19495 5804 63103 25619 45140 39844 39378 51305 27252 41424 27138 37675 19095 63122 353 35673 60858 22328 24259 4022 57123 19610 21676 56639 9115 45417 12500 21364 45936 23974 58745 44878 5944 5827 51894 28675 26574 6888 37697 29741 45386 10030 12388 5770 58358 21707 58491 8069 55747 35798 46079 995 45474 16431 22689 37185 5997 13250 
35123 45120 37480 54929 13487 41201 52531 16064 29304 12683 49971 5632 49088 21464 64207 27245 45026 24199 8456 32813 33226 20990 35846 55357 21968 23170 58875 63221 14373 46919 34064 60474 48712 48933 13095 59852 41795 23366 8757 18461 51684 34042 15344 6262 42491 48885 64805 6247 44612 41598 61494 59539 13060 65078 49235 65212 40037 63919 33489 35911 62704 22806 26119 56024 22127 51977 33480 33397 49269 60213 44221 44416 1776 52310 46927 32925 50228 376 34155 55615 58651 38009 30958 36796 19397 24875 57303 10202 23332 6402 10187 20635 1417 10968 41071 39113 30352 36874 36582 55793 
38803 52324 43786 65286 27869 20444 43417 52802 56771 19798 38639 19417 28010 47258 25644 44015 40953 32734 34546 23869 45808 46294 1183 37855 8663 63770 50524 36617 3144 25189 10095 7337 6732 57203 27624 17633 60585 60492 36019 40880 22174 41530 56968 47005 65108 64356 37226 1306 30940 37881 13406 51650 37235 2856 19545 8666 65252 48794 49644 3191 31198 9010 64165 21719 59450 30920 39477 31517 13572 23542 26571 6299 49289 34296 35643 54925 14574 51132 36549 52747 62595 27038 5466 20148 10216 18273 26265 36642 7743 10619 15781 39095 16870 39057 21615 43081 64 11368 16465 28631 
39386 52708 17018 7904 20556 31027 17984 49576 8905 9936 61026 65527 1518 5020 40049 61539 52626 28801 15989 13813 12997 15243 11635 65192 38313 46828 32279 18114 38931 3540 34644 41412 25550 56424 46673 15383 28034 57243 3305 11300 27490 6359 60346 62200 63835 59793 33743 12493 23878 34805 61317 12227 55318 18343 4508 65329 29419 25487 61605 47767 146 21153 32513 65477 6571 27655 13464 48839 57696 26620 1709 60634 56516 65518 3036 10009 11858 15065 47818 8222 14634 114 12333 16330 51006 55166 57622 21767 9784 35171 38706 33317 59143 64376 40235 25175 15146 25394 45733 37335 
18202 21404 54385 13667 25266 23509 28721 31627 25971 15272 14985 40376 12371 2236 53157 3575 37038 49876 50740 25144 2019 30498 25919 4251 19849 61400 3919 45981 14548 56948 55632 55762 32873 44916 3824 16726 56687 1257 41252 322 40099 36522 62146 57491 48644 37910 17447 39852 40031 57447 54596 39838 32794 40956 32173 54586 44264 34945 17781 3093 17129 19684 25562 54692 63762 49361 42759 45944 22571 52599 4222 11638 64731 50785 18233 17510 46945 37017 56546 60007 15108 29494 43635 31432 63861 63893 39705 56274 58153 11772 41197 49522 22925 12686 49472 17864 19989 27049 2924 25319 
32468 13236 48072 37077 63441 40295 18788 19498 4434 36281 10998 45163 32799 40335 11877 9455 38553 31010 19967 56611 12250 54820 29474 41919 13707 1459 13072 63482 36624 634 22240 38220 54803 27924 36844 27831 29030 60993 59405 26366 46694 8737 16849 34471 30780 61813 29845 61753 24486 34361 11718 47397 38631 20052 17764 1962 24162 16887 37678 18660 42330 61620 45352 7193 24498 36853 25221 17891 23650 8887 4518 59129 9598 29782 33871 31869 6968 23875 34182 48205 56854 57959 46596 6422 11783 8152 63823 57437 52364 52235 38851 60182 47943 52880 41738 29190 1789 52136 52361 52856 
50187 6851 33078 16179 43904 41776 27598 20840 56433 47203 2194 57249 5409 31665 31931 27709 11600 59730 63161 4886 49223 63344 54054 1385 18516 57508 41010 47173 7451 61305 16654 65424 15530 12162 62683 19297 11545 49170 53873 37027 50474 48626 11485 2012 27801 24930 63127 786 55441 7279 27977 44896 1852 3605 8617 52844 52679 21888 32240 62902 51043 63474 35485 10868 59856 44802 15371 25027 47318 20255 56559 60825 16578 15827 43596 24947 64808 8089 54658 60571 61449 62248 14169 6202 36552 51701 36677 10107 5477 21775 9141 41325 10242 47211 3359 63407 43537 16895 38563 24810 
6762 51962 23344 4302 26760 44125 53004 17979 62637 31130 3468 42411 39303 60776 10737 24979 40868 24402 60793 8782 32024 37559 44966 28729 32262 19837 33944 199 30624 15492 16262 60429 41086 37750 27163 40217 32274 17585 52187 64513 48421 20583 27460 3422 56162 42711 32122 43392 49264 59718 65397 23637 15489 15861 49093 20907 43271 39864 38291 44836 10626 20763 60665 52030 40190 44582 39241 40928 29164 45687 61214 30794 50062 21504 38016 5200 64498 49437 25924 9630 5850 50308 17542 54765 53330 58393 9394 46613 4777 12940 4811 2491 32029 37060 64622 33260 17527 48350 35858 53745 
6803 42564 12158 39446 27879 22036 65036 55707 43305 35772 36165 17467 38893 64274 41873 9615 7525 55311 18837 9497 19730 47185 5335 41018 48584 13589 20553 31552 5512 12413 6328 55155 59112 11969 26845 35164 35977 34424 267 46563 43618 29047 58878 62598 27629 18066 48993 7577 46786 28179 24084 29452 46011 11613 61100 36223 24051 49272 60619 55163 58213 1743 55277 45842 26257 35503 13873 38475 2027 29359 19761 44971 30663 1472 920 33959 7036 29693 55944 28957 56132 45918 19874 64943 17489 43351 48330 34270 40626 58965 27841 17309 52948 36276 11528 52141 52986 40368 13790 8370 
28821 14265 31414 52739 61710 16784 43626 29946 52720 19382 20899 44170 46006 10915 38250 50074 24012 56259 59542 12663 44542 12678 50381 28102 61733 21479 57716 28208 18926 4124 5697 37645 24350 50762 21838 3960 44459 5255 34632 44421 1155 40862 18074 47852 13719 2546 21597 46092 32731 33921 3829 17189 36519 62780 39765 61665 37929 24476 40945 31315 44796 57869 35006 24270 2120 42213 639 21651 50820 10182 22373 32335 25661 41040 33650 29389 30214 49277 61112 33971 4784 15550 9806 48024 47015 59292 44273 34483 29168 48694 34899 15292 13125 54011 52373 49721 41798 22837 29181 47560 
62357 30041 13178 51520 51400 9269 60893 28284 25309 26396 25633 44049 58431 12603 34509 18054 46765 21210 18948 42134 13047 10190 21224 22081 56077 39454 26986 32282 16700 58325 17201 34667 47743 26515 14948 63690 2910 32418 335 39773 62828 48167 57516 42431 36939 41515 54583 43798 62279 2960 3114 22866 18617 34262 39743 52827 54257 31187 9420 33123 6706 59397 25459 40552 40209 31647 27839 29931 50767 22333 23728 23678 12022 30443 42255 54709 62125 56410 43540 17292 50539 37183 8219 15193 21434 49656 1467 13981 57332 12320 14388 48376 39323 57641 20156 8805 28527 55721 46444 62503 
9644 2719 47903 60527 39753 64672 62308 7274 28474 64680 63209 13412 53258 50918 7409 14515 59184 58702 45432 15211 20479 48739 44370 30777 62214 10077 236 26071 30618 9548 26643 64468 54420 21916 29105 37627 33941 1849 3174 29281 16313 63414 42019 30074 9344 43600 27954 39525 23663 9545 27232 43036 9537 28653 32786 39537 21923 27146 38566 25241 18850 15151 24897 57709 24578 32107 41535 56571 58453 3969 49429 24777 3472 43498 65226 44702 55610 59240 51121 35131 46541 47718 27041 3809 19177 49636 2554 20944 39938 49387 48847 58605 20466 47517 54932 14044 62265 15590 1201 33755 
14593 4613 31539 9472 17184 36052 42740 27264 51856 25994 22294 20167 5984 13372 62197 65189 37463 52522 12530 18173 33704 2441 24920 61279 21639 53064 26757 43939 46282 2270 62610 25121 2513 17319 55068 55841 15057 48967 2064 34330 14908 55861 13085 61444 62678 19615 22239 36599 53838 35608 49527 23550 25158 12437 32697 49078 24867 55898 4052 58388 9036 52691 23628 12979 2416 3558 39697 56927 52007 37580 39587 11114 21850 1716 58088 59457 19917 49510 20545 32461 15750 36685 8950 15723 59967 6651 19317 9429 36689 11959 23078 43465 59696 52622 31936 22840 30211 49678 48496 30054 
10433 52509 11972 27310 55956 32092 48137 61608 48489 31572 7236 32574 58494 7670 35339 31235 35214 62016 47400 37145 13714 2945 1941 17881 17834 29986 1663 37395 58260 28668 35757 34554 22704 39678 3046 16081 31175 11520 52768 59124 8832 3984 51882 31810 131 22814 25482 62166 59743 61767 26832 36514 63311 51357 308 44632 44607 38779 43877 50127 30925 38982 10453 50385 24967 38504 4113 4543 59595 4603 50805 20213 2853 19367 23068 45057 48805 55895 2090 40914 28073 52716 18423 14062 61308 17277 44120 52607 5619 1400 17387 64559 44321 18609 32859 45873 29035 59839 37835 10267 
46681 14746 17804 24747 13991 50748 26549 12269 51218 24433 64131 16734 55522 11495 7700 15116 30395 33405 50680 49979 5005 38862 60648 49281 32885 41781 27069 672 11684 33298 63793 55083 50199 5762 59003 31941 23371 9675 13275 34561 33989 8267 7211 17399 61550 51820 2887 28816 13770 10622 16342 52095 45107 41696 42444 41155 53622 16731 55953 32559 61377 381 34584 35575 5326 44552 35149 34614 39667 3096 17687 14114 11583 54683 58025 50316 16651 64995 28514 56919 52906 47810 9619 4388 48962 2659 54738 52201 57412 49854 63630 9696 8620 52255 40463 42069 18305 1045 53225 9924 
59310 45236 63784 55577 61586 42145 11457 2973 3028 8852 1628 34281 32900 51718 13821 14152 4997 37443 50406 32689 47675 18733 25962 13722 3596 12187 64233 32740 40762 2728 42281 49212 49781 34933 11829 925 34516 18612 33320 57593 32958 54222 25192 8337 26479 21673 57164 28755 16572 2725 41687 48122 35984 34890 13710 1984 24792 1583 46433 62425 24170 17530 47904 63444 40724 6828 48639 11043 31770 8828 24925 60716 1871 16029 21236 23040 48192 55784 39329 63713 6441 13756 7045 8003 44742 64453 57131 18711 31906 25103 6613 23409 15363 25678 37080 61487 59041 1921 19477 2793 
35300 52474 65264 46934 36527 61617 45915 20433 44647 46468 37670 19817 36180 20356 35686 62977 21349 47311 16685 59498 24506 35448 19083 64211 26156 51375 7537 53699 1750 55775 34711 54450 16405 16745 50900 180 18216 20441 44010 40330 11286 30503 26444 17235 48220 54697 65260 47895 59874 45895 17296 51498 63090 25581 52114 54593 39405 54226 28201 18396 9369 42082 22967 10310 38613 21009 15103 44867 4294 27909 33875 28732 31861 7861 30029 15030 34307 13326 61104 33086 15038 33678 7168 20864 47984 53414 36697 11066 29224 5881 54142 10134 28695 28162 21931 28551 48808 56745 29676 53559 
28054 54871 17322 53474 41447 29748 49016 5035 33351 56368 38062 1108 58148 10754 56107 36759 22962 10805 50461 41924 142 24288 6220 48179 59744 60156 27789 26798 47572 65492 4628 28812 14731 20019 31776 15284 14024 64245 29605 63607 18782 21986 18119 39520 24092 30337 39861 37485 54498 26471 20772 63298 53091 31474 57533 44544 36032 44856 9667 13910 44815 15349 6661 63027 20256 51028 59844 42702 29512 40197 29267 9212 34861 3274 15326 2162 48429 21994 17226 45678 57644 19663 29101 40634 58328 17615 64685 62618 26540 8671 64663 60754 12345 13830 34941 11192 11155 14820 29434 26672 
60462 46980 61542 53217 9033 53152 3972 50022 13057 64581 37787 3945 42516 2060 35419 23921 39363 50134 30463 44227 39670 3691 5855 50935 5966 9272 59939 5562 11320 26403 32666 43084 563 32672 45444 21926 26745 50542 37708 29651 51852 27083 12379 3377 59307 45767 43744 10444 51939 21762 9291 55979 26343 47188 5796 62450 19485 3940 41450 29642 50366 23886 33400 51083 37107 57944 44479 7499 51211 20803 52742 62333 4696 23487 20107 15443 17212 32917 49593 10614 14939 58225 3843 39086 20436 44052 58956 25331 30488 31991 18190 23120 39730 51621 43063 14134 9459 39640 7791 3593 
11752 43297 36401 42315 64267 44451 4362 44870 4789 16077 30086 19021 36310 5695 42107 22405 7363 9462 39083 19879 65500 6041 22658 34491 29821 38456 14179 498 55645 56876 64431 57745 3791 23277 55602 58085 61375 13835 36739 20606 25974 14811 26945 27757 2594 63775 50991 56513 64925 22548 54988 5155 52090 45632 61736 21529 39602 8405 18897 2983 4636 29953 4485 61699 18030 53676 14879 52687 20493 22014 19078 64813 7658 34378 7502 51832 651 16339 51468 58363 21301 40893 20832 55804 36973 47010 58863 65337 30566 19329 20373 32985 60042 24182 18491 56429 46114 28639 40023 58858 
64842 9390 47700 30180 29050 57856 36672 9480 18093 42202 6596 20686 8328 26973 24620 28015 47849 14308 23098 42376 36477 36472 35851 57283 11798 5223 58820 60750 15480 20811 52107 56179 44392 25073 42131 12420 29702 41789 27696 10926 37524 47196 4905 56316 62253 13610 19442 32541 62340 32486 12273 50259 14396 47477 45461 24089 29938 51325 25528 61075 38596 22958 9844 41552 57394 61509 55323 16473 27226 45524 29396 30772 62712 23707 19977 26088 27681 8465 36383 46415 58333 18108 44901 1359 24029 53372 62493 15460 23818 44230 39045 23971 59146 64646 59117 11442 15125 30857 46840 30683 
2433 25813 51025 60343 62726 33437 42868 33776 11126 22811 25081 41246 6282 52022 39283 34344 9849 42414 39924 48800 55332 23522 28167 22488 15439 20349 59352 33359 55741 48288 47972 55658 49178 55292 47277 31258 34748 50885 2827 23459 17098 23326 202 28766 18242 29027 60466 48069 38699 35863 54146 18779 22417 5391 27573 25709 34594 37695 17243 47569 64935 16860 33113 1018 49040 29866 60034 23547 24629 25437 36460 34247 36992 53968 57058 35111 47500 56619 10839 65066 52242 39409 57235 2404 1066 54354 8857 418 65071 52833 51769 11846 13077 62857 56536 62383 27793 25839 56985 48162 
58079 63095 24990 39002 9364 41884 8817 26275 38634 18858 16034 18767 24157 23116 38771 44776 60353 51197 41480 49869 51206 22205 46528 48536 4711 16388 19158 55903 3495 47068 53913 63394 44527 14905 55366 24789 465 52903 48444 24149 24513 49021 4568 53647 11749 44767 62967 60334 64308 46616 5463 18762 23598 2436 26278 38041 6754 53111 29502 45054 21190 17989 50139 28929 55045 54291 3668 3428 49834 61762 27299 56682 1690 62188 61591 42706 32521 64072 12709 54071 3798 21727 60855 20678 9477 16723 57116 22305 20721 15155 27904 34336 9204 36256 9412 34030 12860 22325 22845 29808 
37318 19621 20247 55650 50583 65522 1949 16468 28068 51730 15409 30731 61251 22726 43013 11123 23400 12849 20683 8955 14997 37369 22302 19274 16238 35596 51387 5309 40576 64016 4954 60276 32880 41286 14965 62325 6101 29617 61883 1565 43300 35906 63107 2782 38866 57513 42956 50051 21502 61254 23221 64461 55974 24857 50066 22593 62413 22438 2873 18406 15697 62455 20078 23724 20543 18875 13597 21956 21326 43704 2611 62112 56228 53714 3433 50516 35460 9286 56661 7457 63153 5787 59465 18496 59752 61297 17539 55198 33690 5580 7875 18358 6691 58298 32760 37755 28133 59103 12535 17550 
53344 63580 23337 7932 23565 7806 1462 12643 42034 32453 14347 42819 40390 1829 39 5420 31823 1917 8920 11631 62185 62180 62746 36572 49209 49158 56253 57312 14828 30583 16446 21278 36298 6782 49974 5235 60424 41485 49342 39886 42856 36785 19515 6893 37170 10213 16543 7519 49607 7680 12992 14840 32443 3965 45016 18255 30365 38900 62752 38676 38828 55263 44887 6410 8774 30869 47801 4246 19063 37918 16810 45986 9071 55849 16220 38729 46880 48212 53284 55010 1063 54188 22879 20295 65040 54746 52836 51274 32142 49856 53240 11643 64293 48551 2524 17497 44250 38084 15086 42236 
3149 24598 29863 60796 8253 11984 25442 38359 33178 30348 40011 59819 39431 26456 19103 62239 10607 13417 55284 48416 21012 14476 64651 57619 22388 30192 30902 44355 29574 61325 10830 61464 63639 11218 5417 32316 21685 54029 5918 842 64110 9260 58351 23289 53502 44454 4985 64654 58208 1212 33829 17095 23776 31500 16059 18301 27352 59503 24009 55728 47966 49314 38799 49189 52295 48368 39958 51495 61836 6187 34167 54654 33366 55183 34853 2375 5072 46914 34659 49138 20381 34132 49796 57670 29301 13941 47349 22757 49151 18531 65170 35937 57721 27086 12840 24313 5758 34998 23363 8262 
7125 14385 48779 51795 4348 29901 54214 26597 2207 55391 28391 13652 31876 30598 10509 3934 47138 9311 54119 10660 17554 56353 40721 6367 60983 56054 18027 54239 27095 15386 27260 42077 16908 11291 28889 7306 3510 48227 52754 64177 23835 42873 33806 20656 6142 25030 47781 7383 11578 55272 45409 13657 31610 3136 26600 3937 41881 8194 13675 26431 29659 52993 16837 36715 14207 3507 48656 40410 2916 26474 22234 35972 33158 31437 64262 43613 27340 57763 4746 9590 29147 44097 49997 8566 46939 35153 35703 64958 20462 46556 45529 29994 1010 47645 23716 21938 25013 35373 28554 47446 
42607 15625 53512 30253 53770 42406 40569 38574 26388 25004 33823 23311 2933 27861 19025 33175 29042 59277 42830 39480 31971 20162 5395 26612 800 50388 25588 50592 57796 11214 6504 6513 5955 9158 37349 23391 11271 31896 31687 20032 19624 18665 41636 35698 65485 7206 17417 35752 33929 2936 27435 12695 53106 29005 64566 41747 31796 12920 31115 1587 47392 38036 7580 46257 15835 44993 18813 16920 9687 16282 57420 50995 53376 39632 7138 9735 37592 37743 25641 43420 52273 36363 48259 44190 47738 26080 27052 2335 12591 36609 2501 19051 39007 9959 61524 54180 23762 26441 16672 61332 
9340 50333 19124 57704 25201 11939 21482 59018 5622 1803 4131 3578 38736 47378 35025 25095 7256 29567 33587 24064 31424 64760 53659 9257 57756 2353 8491 38871 58074 62468 12886 27023 7909 21055 11003 46997 64473 54122 11866 16212 37572 40750 868 60010 15610 2288 58518 31479 58062 64968 32021 38217 54368 16092 32313 22214 32965 59083 14651 3021 11430 13017 14282 19006 48478 25954 12311 9730 37035 49319 38396 37869 15762 34433 28085 49581 8378 29976 8119 50566 62541 6934 19783 40272 22354 24697 18542 63852 63399 44956 27121 10643 23204 61554 50733 27658 13158 50433 44933 26563 
7446 59527 15048 45429 15509 13369 61574 44397 25474 63323 49489 20087 21150 25786 64408 65447 8860 977 44519 16308 61512 57317 15263 9407 45547 26991 31849 4852 4608 31040 30408 45813 46757 22359 25098 7078 2233 52694 24127 24955 63653 14231 27314 54997 6673 65535 99 15250 9025 51757 10122 31830 2383 5725 40780 14419 34236 42373 35203 62910 49902 57340 13741 4154 968 41941 2865 17003 5471 19655 29728 46772 23784 32385 5813 63565 20630 631 20766 61066 39158 27947 37975 26858 38762 41178 57156 30174 26802 46485 39065 20962 32839 49008 5670 43593 25344 44768 61004 61427 
7480 63619 8734 23146 33530 40496 49134 17372 57881 33138 4493 62606 28256 28316 81 10199 23770 25284 26926 20644 7730 11909 18019 54866 16857 33578 20530 20037 20187 6945 21361 45315 3694 5292 38207 59035 7753 7040 7472 64782 2576 58714 47284 29736 45881 29926 49585 11515 4693 23617 13645 29366 17155 39726 50660 53114 29888 54328 7203 18042 55392 30044 12553 39560 14621 7748 7294 26358 46059 2607 65249 48361 37412 64930 17327 53905 61999 34273 34057 57864 35533 3334 63901 40596 62428 23577 6066 19189 52645 28343 4646 27849 17936 59098 12932 5958 8629 49709 43658 5750 
36155 29517 40822 8603 53801 45660 64873 13140 55620 53278 53034 21426 50293 11701 35245 58810 55864 13539 35778 47667 19616 19812 35498 13378 50563 63038 18654 48274 42785 42737 26867 39256 37983 28007 48996 8170 58634 40902 25701 33455 47921 64619 33695 6079 19723 46691 8274 4633 30578 16973 214 31775 8207 12949 7417 15678 53054 23166 35638 53619 17192 35161 36602 54704 61662 36754 23489 31229 13512 39349 61741 22122 51578 53504 29600 64004 6806 42039 31926 27587 22166 42935 63110 2221 50202 4476 40381 12832 23412 15984 14214 24845 51806 5890 3851 40227 26586 4900 56322 35051 
31695 19405 25766 63449 39146 24938 62234 11036 26529 9761 34641 41911 12294 11709 35872 52660 25864 3757 25050 46820 31642 28364 10019 14234 27980 44307 21748 65472 7128 16335 50509 33974 4291 28534 55195 33257 17924 61206 32199 60288 60208 44750 65096 63269 63015 18156 34839 5378 27723 8107 51655 37632 22752 48524 7083 3911 46608 4314 24900 58142 13258 36030 38990 11608 60639 57015 44070 64009 7528 57329 12883 27644 19757 41962 4234 17974 62291 604 17257 42388 33340 59701 53245 12040 43245 19570 13229 46586 42064 17906 22493 15932 7349 5645 47166 10270 46122 27218 46169 23258 
50948 52918 46723 17118 21202 20361 35992 36295 7552 47344 23190 60471 47542 50403 32194 59891 47352 24347 50233 1670 65197 38874 58660 36802 31923 27056 1374 22114 52471 63758 52368 49226 61582 43232 19340 18539 64287 42095 24137 21376 55344 21038 8516 43806 63178 9118 45850 25372 41633 35073 44037 60915 32376 31243 35843 55886 1560 43863 57226 1878 12463 26225 59427 30458 44720 51518 65470 11438 14164 8132 62734 34576 36730 15552 4408 45827 27950 38436 15138 26303 39595 12007 32084 47492 55462 601 16666 63068 29673 54084 15966 10114 31195 8513 43373 42242 53835 35179 37567 43563 
22583 49462 30515 28288 3088 16538 7980 37391 61397 2225 51291 30257 56907 49899 56719 26213 57839 14777 21110 955 37725 30828 54791 25816 49327 36977 48099 33442 48335 34733 52602 6016 22192 45630 50782 23682 16443 20845 56834 60331 63815 58832 58498 29499 44429 270 46992 63914 32930 57231 1317 25447 38820 53842 34649 42554 6152 37517 46702 10156 27103 14743 17010 7021 30786 50691 31758 11184 11806 4586 52682 21118 1590 47955 51036 60489 36544 52344 42827 38987 12075 48919 12130 38487 2986 5602 3783 24416 61756 24021 54769 56339 33620 26436 18142 37970 27289 50338 20751 58677 
33917 24632 25763 62890 52002 37055 51563 55999 28459 63255 60002 14711 8446 23462 16569 2262 61727 18991 46817 31209 15620 55030 3563 40175 42393 34242 37619 33048 12087 45910 18479 54689 64353 37657 22226 35081 43400 50685 49480 16453 26139 54937 12578 35071 29187 1166 39008 15708 62473 13736 4681 20480 20992 12608 46024 7637 40433 6419 11380 19472 2202 55852 15663 50305 18165 34341 8583 56936 54545 48799 50079 24511 34827 6467 2822 23645 14604 5627 245 27621 17183 38767 41641 35980 33803 21187 17462 36883 32980 60788 9648 1758 56402 44953 27522 31323 43889 51715 14222 25728 
57936 43058 13637 30523 27405 9246 65450 9570 30743 58114 16267 60403 56248 56723 27172 34466 31311 41661 34112 52040 44549 36531 64752 54294 3111 24236 13183 52019 39680 54752 55212 40927 27223 46634 2322 14033 62663 18208 19028 33764 8890 5720 40255 27547 29801 40948 30752 64820 5080 45775 44909 194 30163 28492 52819 54908 20957 39932 47917 61482 58578 21577 48576 12440 30791 50288 12230 55909 5231 57417 50496 33608 27397 8595 55204 39506 16985 2330 13148 56521 63504 28698 27132 11885 8546 48791 50706 30641 14139 8973 57630 20618 3638 13907 44412 26685 60368 52290 48771 53214 
14578 52221 59784 36349 1096 61285 19791 39133 32604 57161 29216 4980 64368 39078 19033 33818 22908 22717 40192 28704 28724 31224 14011 51837 248 27675 14553 55690 41622 38711 32854 46287 2733 42842 37876 13216 45572 57238 2839 22498 9607 6376 61441 63141 8023 42762 46214 9197 33682 4161 14029 63622 8301 2466 29487 42049 20045 19286 13103 60481 35661 58486 6267 41477 50483 46016 6232 46591 42531 5690 42504 1101 60694 7815 26888 17709 12010 31402 49730 38467 614 23201 61953 38373 40415 2327 13474 42767 46837 28709 29255 10800 51054 61452 61787 25745 59887 46265 14422 34767 
63053 30806 53199 13133 55158 58523 32009 39176 45869 32042 36594 53309 55504 12450 24975 37861 14367 44687 53893 64483 51874 31183 10381 58926 22980 6350 58760 50813 19320 9003 62615 24658 23065 45682 60781 11138 12891 28273 25891 7386 10948 44078 65412 13670 24769 2077 33252 16890 38096 13090 60351 61579 43667 6212 47550 49518 21964 22211 33462 46339 51438 12732 56581 14931 59132 9997 10142 30106 17932 60059 21961 21680 53630 17622 62111 49183 54671 60261 35791 48589 14182 897 35477 12281 49630 4146 1605 35803 46081 30757 65351 16400 17178 38172 61793 32089 48762 41824 19644 16677 
60903 30644 13640 28869 4299 27387 65429 16089 31818 1294 28944 56506 51352 839 64912 24554 44298 23238 52037 43515 62837 45589 54313 6044 23281 54643 34216 44105 50880 2424 2155 45855 24943 61801 30932 38516 7248 30450 43837 57648 16526 5856 56652 4883 49716 42168 8947 16152 47607 59438 28932 54646 34779 65409 14101 13065 63944 48021 45145 40026 57876 34444 27211 47723 28255 29991 1036 49627 4673 21901 31246 36464 35206 63437 37158 11817 4060 57753 2882 29411 26114 55467 1447 15068 47289 29654 51455 14851 49550 14144 5640 47693 31702 17919 20515 17914 21072 5682 41861 11331 
21030 9417 33552 18938 6608 22786 28619 38299 43689 396 60971 54967 8486 36905 39196 47841 12905 29236 6840 46131 25696 32988 59641 3518 47598 58908 17793 26453 19809 35033 26506 13398 52303 47485 46104 30231 52162 62003 35232 57924 41470 31238 35837 41352 18685 43880 50225 779 54947 10474 57194 26074 28772 24202 9974 64491 53039 20929 38845 56416 46044 5145 53938 58837 59121 8435 23640 15231 17971 61728 20884 45756 40933 29599 57791 7883 16955 12845 23690 17846 31075 24882 53733 4959 59655 54200 20627 4 726 8031 41607 40072 40157 47580 64089 14874 53180 965 42027 28919 
3214 5472 22396 28797 20664 4723 18888 1429 9881 50978 56127 34395 5873 55027 3992 53031 21580 49075 25424 35218 65025 56933 53999 50521 36218 24448 37808 7454 60682 4806 3653 1755 56865 64593 39511 16426 23250 49801 59064 2483 30864 47306 17246 48034 44655 45065 47912 62041 46874 42396 34737 49467 28877 5446 17141 16549 1175 38482 2521 17962 65298 25873 159 21855 1223 45344 6548 30652 12485 22731 45051 20661 5517 12814 19312 9894 56473 57186 24663 22634 57786 7352 4595 50168 26363 46101 29161 45060 48342 35231 63999 42403 39946 50534 38593 23517 30140 21381 55875 486 
53393 37231 1897 11028 25132 3631 14433 39417 55838 8554 47898 60956 51329 3445 51477 60873 26544 11678 39898 44708 49394 45309 53352 64977 29479 41420 26179 62566 2401 1625 34714 54092 15315 3980 50923 6927 17269 43477 58737 43715 16182 43507 61688 39451 27417 11730 45289 55716 45714 36833 27465 2720 41124 59442 32069 45627 50221 3914 45550 27420 12193 58145 10353 35043 32322 25539 56214 52631 29426 28093 50208 2228 51752 9721 12190 63642 11308 28399 12505 21642 51382 4931 58694 46325 4965 61647 33837 18250 29934 50236 1269 44389 26127 57173 32353 29753 47238 26733 52386 56335 
36629 9 1320 25753 60514 40119 34662 48513 7253 29825 63733 4325 31487 59203 54726 49701 44807 15992 12811 18691 30062 11596 58643 37364 20704 12428 29067 35635 54016 4320 30860 46219 9235 63572 24228 14066 58173 9264 61358 15796 37640 23917 38274 42139 13577 23560 7181 22142 49334 40515 36710 12417 30325 61685 40421 4319 25399 45270 49695 46799 27117 9682 15849 45956 14054 60145 27507 4968 63281 65515 2479 29905 57223 168 19305 10388 59420 27969 43757 12082 45349 7143 9332 49424 25274 24152 22591 50363 24381 53680 13918 43650 5115 42293 52349 42296 52099 57086 34150 57025 
40669 55964 30929 37895 20376 34599 37196 4243 18436 51158 45183 35283 53964 53923 61034 64122 11744 44204 42559 6779 49477 18363 7645 39036 12573 37700 30302 57986 55035 2581 59177 60284 34301 35144 34117 51515 64973 32614 50817 9653 1197 36762 24140 20979 35832 41979 6965 23229 65088 62120 56873 63964 45657 65306 24732 10385 60015 16009 23352 5443 16518 4973 62786 44067 63610 20128 11812 2082 39519 17831 29404 32185 56566 58283 29767 36848 24822 5675 44471 6342 57349 61043 62536 6501 7823 27781 27939 37338 16612 10330 39572 13660 30985 24456 38461 13584 21050 10376 58461 2572 
59675 57337 14302 17394 61981 39332 64146 19169 50281 8692 61152 42572 10995 45592 54231 27738 5140 54604 40467 43028 8396 18403 16162 41023 49083 26333 41372 16689 58411 14583 51598 47680 31784 15929 7878 17861 18923 4719 17801 25304 25967 14313 24004 56910 49304 36423 38832 56222 51226 23292 53901 65134 58028 50943 4803 3126 21779 12276 50720 27636 18592 35812 44986 31864 6475 3723 29779 34364 12213 60141 26418 29733 46279 3872 36692 11460 2542 22556 54081 15405 29770 34830 6960 22734 44424 893 58456 2175 47827 11820 3503 45649 64151 18578 38817 53281 54417 22511 8825 25390 
48868 63130 1260 41815 21130 28022 46299 865 59417 28466 63781 57063 35668 59972 11518 4134 3977 50328 18631 45728 37796 5330 41545 60928 50368 27192 35555 7426 57675 30091 19891 62992 22746 42052 19518 6302 49914 54832 31470 60668 51533 53046 24563 41784 28227 31078 25409 33325 57994 54134 8731 22553 53554 28645 34207 45695 60051 20548 31934 28238 32408 6279 52424 58037 51405 9798 48661 40873 22700 38591 27819 32039 35084 44027 38453 12445 31284 38840 56851 57364 58828 59587 5238 61051 61893 12651 41407 22219 34619 40205 30686 3058 14109 13956 53702 1189 35351 30274 61123 45494 
18915 6114 28039 56808 24353 56817 20755 59764 58160 9166 37992 29521 37687 18134 37343 17047 31634 27457 3885 34986 22274 18187 22563 51450 14448 37446 50837 11385 19438 29532 38089 15632 57146 17064 24617 28444 59681 50737 24651 21547 34551 24398 57656 17667 16110 25212 10589 10284 43119 5577 7344 5246 60406 55755 36443 39921 48339 35820 43575 21622 42619 13509 40523 35563 6287 51525 51899 30717 7176 21517 37758 28566 46359 49442 32511 8643 61654 35359 29647 50893 3718 29613 65018 24912 60114 31881 28792 21195 16827 47133 16356 55098 53160 2569 60264 35889 50699 31107 958 37166 
11172 10194 24233 12556 39163 27349 61329 9743 38741 47969 56089 37842 9769 33500 35769 36662 6131 26168 49507 21042 11525 52307 46396 54101 13793 15113 29896 53685 13357 63818 57902 40772 15838 44466 6837 46029 8102 52793 59590 5637 48563 16 2842 20508 24129 22029 61502 60702 6922 16646 64029 5284 37042 52885 41337 8654 63272 61913 15658 50930 5437 30704 7158 12235 56731 28585 44716 50559 39155 28504 51103 39231 44315 20857 55246 42216 1409 12117 34913 10233 19678 31250 33329 61131 46139 25069 43218 22473 14320 21494 60107 29371 17661 57576 35585 53061 28539 53349 64047 2273 
61225 26236 61405 3388 57429 51457 58373 10483 53592 20831 49735 37936 20910 43892 51312 25670 38229 55329 22929 15823 42509 1598 48862 61266 21369 46222 9824 43932 44913 3203 4766 11450 16024 20615 2504 19861 58265 26626 61547 51231 22671 33093 4027 55517 14172 6729 56576 14368 46388 55000 7663 33849 20102 15277 14586 52848 49542 13005 15878 1405 16792 45031 23796 29376 29176 48059 41053 33932 2315 14563 49218 62723 33006 62652 29221 4359 43192 26995 28712 30137 20982 35211 61491 60128 24780 4067 64034 3871 38127 10393 61410 5767 58376 12045 43678 8122 49784 36747 22003 19832 
34539 21263 34421 1781 52773 58503 29000 65093 61659 36321 2057 34856 3769 26646 63911 34652 42057 19392 25432 35871 54799 24917 59553 12097 33197 26810 45080 45207 61138 47625 21864 6897 40307 16552 873 60820 18236 17941 58537 24908 59027 7108 13198 41472 51008 57352 59789 36750 22400 7856 30526 27006 30678 3711 7955 35252 60296 61117 34496 16760 52587 7231 19003 48941 13994 49602 7283 24840 51245 17610 65246 42834 38521 7086 3380 58840 57615 23349 4797 15168 23944 62845 47000 64551 43180 24767 16235 35199 39795 58728 42225 2995 7120 14914 60739 15238 10893 34158 56140 46803 
26028 17055 32287 17231 45085 45796 48410 19420 28441 60242 38393 37278 28250 30548 22468 12302 10288 42030 29316 24390 58549 27917 33246 22578 49989 9467 40789 13921 45369 6054 17209 33510 37489 55459 42 4818 1929 18840 8935 14036 63156 5352 48001 47509 54041 7890 19465 1704 61097 36620 3643 12717 54970 9944 60399 55289 47838 10706 30313 64692 64168 21289 37884 13869 39434 24742 12633 48634 10576 12242 54185 23340 7311 4037 61355 16327 49344 44216 45043 21816 15747 36158 28990 52414 53326 59480 17407 62947 57954 46199 19166 57298 9641 2284 59607 7610 41272 3331 64494 52572 
521 26216 58897 17023 7315 900 35046 31793 12299 10819 63462 33617 25911 5398 25991 20712 13569 22917 13315 59726 64248 29787 33713 1979 21981 23932 40509 47120 14362 44284 33101 2614 61651 34924 8199 14104 13559 33294 62832 45158 34785 58953 24704 9424 36130 32127 44019 37816 6291 50436 44534 13323 60611 54006 52075 47615 60835 22794 27206 48533 5529 15298 1075 55904 5660 45953 13461 47417 39590 10521 1682 63329 55449 6626 17735 4176 15730 58381 11646 63830 61039 63497 32296 23929 40014 60376 51663 38541 28910 700 8677 58719 47815 10208 17132 20119 12306 9329 50019 12658 
44941 25166 13592 22455 134 23405 12354 771 54062 228 24666 24468 39548 21085 4556 55363 25254 21017 16242 34637 45046 22347 28235 31979 19279 15645 55492 14702 11980 28451 62106 49772 34375 6832 45502 19566 16364 53943 59302 46393 53542 26153 51932 20153 8214 15527 10364 36637 1412 11558 56233 54828 30383 35761 35515 16381 55560 64301 47146 8658 64361 38548 32476 13881 37830 12261 52639 30591 17843 31504 13050 8240 10542 6308 56114 33189 27959 38934 4007 54428 20497 22975 11723 48859 60705 177 17755 7185 23103 43003 56757 32685 46714 11872 9884 50513 35063 30606 11392 10064 
1810 7697 14719 9587 29608 65417 12952 6919 18168 33243 23105 37005 54574 42276 51138 47539 50832 11786 6182 33417 44728 52403 55216 37790 3354 62940 63961 45098 44242 37193 4832 7116 13827 35342 30832 55878 917 33625 24762 15640 55991 27302 57113 21842 825 51942 22385 30595 11134 23702 18935 7726 8900 8494 38308 45330 1489 2087 38956 5743 33545 18376 11605 60193 42353 58051 64054 1747 56236 54367 9575 31332 45258 52830 53634 10779 54553 47890 60305 57487 45637 62299 2001 27495 6820 47218 813 49962 6194 35653 57851 12405 7477 65405 23000 5263 33477 34187 48051 42448 
44162 46651 685 10842 63956 47060 55060 57260 4831 119 12894 27650 14059 60687 4277 23949 63246 58448 3570 37597 37148 14305 22601 63040 32680 46089 32168 55113 65312 31060 32516 64950 19043 40402 3817 20324 59882 46794 27550 30234 52284 35317 51013 57979 47685 32347 28145 61203 32692 47176 6885 38079 4075 65455 10001 11231 4823 1530 6736 54066 3237 1815 7266 27319 54438 18905 3626 14866 51761 11211 6939 19129 59030 6583 24646 21461 64817 4523 57607 24248 15027 33904 26566 8037 47951 51997 35588 52534 15539 8624 49246 63810 59299 46922 33518 38908 61613 48922 10396 60817 
17743 5597 5500 23357 5936 4942 58040 53043 23936 61680 40854 17175 37602 35495 13244 48709 47323 18657 42793 41852 16637 9832 44561 34687 46003 10448 50850 12879 26557 10848 57372 57409 49357 43846 54325 7133 15804 38533 30051 10930 40661 57105 20703 11063 30166 27967 40347 10153 27564 27231 45991 8476 35297 52873 44344 18051 46302 274 48081 40679 50004 12100 33758 15218 16845 35558 8049 45699 33886 30658 1971 20560 30066 8461 33374 53762 41003 46711 10654 23898 35764 35016 27701 10461 49500 18825 10584 10847 64423 58396 9921 58845 58236 2301 58216 305 44075 65015 26286 37140 
12908 28743 18800 17894 24081 29055 57459 56456 54493 31964 21881 4430 33272 19899 62365 28884 7028 30320 62086 52781 57610 22854 16757 51861 26617 1246 48914 11537 50591 64127 12179 65380 22506 8202 12518 20273 52459 62799 43997 33724 69 11803 5017 40450 41899 15431 19184 53206 15743 58355 22200 47027 61008 58290 31349 47989 53973 56465 56047 18521 59226 56308 63136 7460 62658 17747 6556 29233 6347 59387 38325 47789 6490 1332 26840 35631 57153 30637 15226 17472 41704 41025 35021 28230 31509 12425 29688 55547 8917 10897 35119 48129 62757 38247 50276 9738 38182 59561 10956 43427 
55178 35414 23183 57861 36147 30400 46968 40619 59495 22596 61886 1134 64236 32151 52466 64381 40792 12703 51967 22851 17158 39261 38444 16047 20145 9627 5289 38732 46419 61340 8689 60563 62852 56102 34921 8820 25808 50466 47231 1235 47340 22231 35706 64064 13352 64313 45542 28305 1967 23569 4671 25339 29333 21753 63550 24606 28970 50546 40717 5278 35194 39168 46752 21796 12738 60019 13000 15477 22197 45133 38294 44375 31306 41166 54920 15005 38004 32528 62586 1312 24852 50284 9095 48424 22425 4226 17339 56157 48492 31015 20364 36587 56847 60501 33409 43829 58557 26752 43472 59138 
63755 52963 37762 347 37521 47663 16609 10793 51548 50313 17272 44587 40631 58406 16137 45640 62629 31767 9602 6811 41929 1904 9510 22185 48140 62171 61089 35457 9781 36509 60660 52416 59192 57539 39286 33883 30129 21627 41349 20227 53422 35540 820 52504 11447 14694 11073 18221 19882 63522 27743 5735 34436 28614 37477 53615 20329 60948 52492 9595 30245 55175 36264 8521 44256 36108 28027 45861 30887 42748 28429 58014 55994 27992 42207 7095 774 53597 21292 37263 26085 27615 23255 49402 46448 63590 17121 18793 19412 27284 50012 10953 43984 33858 31619 24830 5030 34233 42998 55883 
1131 63647 11871 15655 49420 28411 14613 7113 13424 55750 35237 57399 62006 35795 45452 20523 16503 31326 43266 39371 50779 24305 5107 41144 58483 6664 61901 13542 35249 59899 48501 30485 31497 15560 5301 39693 53790 44138 53562 27240 44433 3407 53469 47708 28777 22900 23856 46350 53008 19066 37856 14956 64839 9040 49554 15105 28997 63931 35613 49924 2102 37779 2788 36378 46908 45077 46953 38164 62700 21847 330 39214 42660 19954 56029 21532 39105 29469 47108 12758 58303 32139 49331 39984 56494 49492 19460 342 38255 49641 3588 10774 53991 49364 42356 57520 43518 63238 57821 9724 
11757 43858 56825 21662 49530 23552 6528 32368 32646 41997 25982 15446 16719 54109 12396 4871 52216 60411 56885 62877 54548 48364 36951 44650 45690 59616 908 36203 21567 36667 4109 7678 36742 21005 14014 51214 21296 40398 680 10281 43548 17921 60773 11791 6741 53569 24429 63170 9747 39700 56364 39151 25369 41170 56009 24016 55170 36827 29313 23861 46973 40152 48047 43409 52175 62925 62054 44193 41409 25021 36768 18308 1638 39969 55057 56799 16663 61858 2095 40353 15969 15417 32134 51021 59382 37451 49515 22463 1291 29539 36722 14669 14646 3123 22368 31804 14325 20869 47363 33646 
32396 4427 33675 7795 584 19109 60119 32506 9136 41758 31690 18878 14190 1548 41627 37065 64400 64042 2706 48353 38825 54700 64671 59615 6199 35126 45619 49568 10052 3806 20818 50617 61430 8011 43851 54219 24603 29529 38586 28376 12015 30937 37258 26518 14359 43778 64139 17619 61676 37847 9306 53524 31340 46407 58960 28338 4181 16129 47045 56491 49959 8140 61571 44830 12362 1678 64288 49108 23060 46476 38571 25959 12900 30154 24958 64214 25695 39783 60580 60338 63349 53589 22177 47489 56021 20881 45263 52269 33354 56270 61288 19121 58139 12729 57206 27035 5929 7548 54845 32016 
38714 34728 53001 17480 42853 34895 14333 21512 37133 15454 17602 64339 36700 10569 8672 59180 59663 54837 30877 48948 14488 62791 44624 43954 49013 5205 63873 37589 38033 8175 59257 52238 38320 47326 19090 62689 21161 31372 55243 42651 22089 56960 45584 54874 17492 43812 61186 29707 42179 6134 25675 37547 41959 6004 15856 48566 611 22738 41417 25648 42926 63668 15400 30265 56262 60133 25279 23595 3063 13678 25932 8211 16084 31668 32456 16373 56453 54051 1818 7068 4465 39491 18918 5521 15951 11325 25936 11346 22937 14402 36355 47374 33936 1354 24494 33716 1480 1557 44201 42060 
18867 12432 32202 60542 37110 57387 65143 60574 62074 41184 50828 8779 32619 49535 24179 19016 36773 17911 21934 28148 60768 11388 18845 8340 25884 1889 11929 18978 45343 559 29665 54985 5712 39090 17301 52057 42426 37432 61923 9442 37223 740 794 56604 13409 53881 38190 60708 706 5779 60868 24654 22104 54591 44699 56137 46240 13924 45898 17518 45804 47255 25554 53289 53532 32737 40265 22880 21756 64077 13270 33023 65283 28334 7188 22604 62515 11360 17884 18393 9962 63402 43106 4663 26486 23195 60361 49776 35334 32253 62024 48293 47383 35490 12751 60813 18702 29328 22154 44022 
37323 19291 13521 38791 50600 58441 960 42584 9023 64859 12049 42719 30967 33166 32576 54024 5485 20610 3003 7773 4684 21107 456 49301 35257 60534 38267 51237 16711 54992 6242 44087 61878 483 53986 49831 63164 4453 37775 1701 59735 62666 16606 12690 52481 8837 3555 39266 36247 15090 43197 27392 9184 33900 27527 30760 63673 15318 3583 38179 60122 30980 22646 60923 31733 20997 13107 57344 60416 42880 59568 9470 40230 26025 16620 11735 45722 35436 17223 46480 39658 554 29074 34049 59269 41667 45622 50131 29836 65291 27427 13338 59260 52861 50808 18699 28899 1346 23075 43962 
47864 15451 18097 43163 32393 4920 53315 61350 14393 47878 57949 45004 20099 14814 27442 16293 64503 50030 13964 54347 11435 13607 19468 1243 48481 32473 13386 49166 56880 63470 34524 19769 43558 24521 47856 14806 28351 6059 17607 63776 56468 55452 7057 5775 57733 1795 5550 9716 10336 33628 25289 28368 11106 20695 11962 24024 53775 42965 52657 26491 23909 36879 35989 35385 26182 62997 23209 63372 48619 8943 13145 57018 43992 33231 21389 57294 10728 28577 43809 60785 10179 21782 11655 38376 39457 29393 31303 42800 44366 29816 37963 25771 61479 58156 12175 62245 12455 25596 49197 51658 
38142 8998 62313 7060 5372 45645 63190 12255 54359 8426 21098 4090 62480 15258 9932 57891 39098 17944 58199 6794 43126 7163 10293 42589 8524 44691 57028 40110 35156 35076 44662 48699 36781 16506 32160 53956 55086 50788 17738 6062 18100 43752 11585 58093 59954 7685 12467 27184 36718 13580 24187 20421 42923 64199 28640 34796 57783 6982 27189 36125 26308 44974 30132 22024 62029 48854 60127 31607 3006 7214 16772 41894 15289 12598 33075 15680 63560 21221 20927 41163 54523 26965 26017 17761 1497 3498 45090 43359 47431 44496 8578 56347 34521 20298 63982 44572 32897 51317 26165 50845 
10740 25568 52332 44679 55048 54253 30098 17281 49813 60153 28414 15206 18433 50597 58295 30726 59581 8960 59104 11084 16595 13932 46791 27744 3548 33497 35274 56574 58918 23625 12480 23224 64563 41312 12284 50093 17402 63376 45482 17826 28847 11889 11555 55770 34276 34682 45504 31512 14199 2110 38430 8938 12586 36210 23053 48062 41518 55108 63710 658 12769 64905 20952 39311 59621 511 56995 42474 46410 57774 5492 24240 16190 44158 55542 9515 20823 51146 48190 61086 37178 8808 26769 41583 64393 62488 15895 3778 23827 41716 44032 61312 11696 35806 46706 11245 3730 31329 45753 40342 
8279 4202 9402 45976 15015 36284 10373 58275 29130 43006 57286 11365 18351 5137 55103 52699 22977 6845 46656 14248 28937 53896 64541 45412 14122 10418 64917 23961 65218 43795 61748 22616 65023 25379 47386 36188 18953 41832 18737 26923 21207 19962 57168 31762 10225 18771 21020 15617 54405 24099 27962 40936 29793 39545 20526 16900 10646 22743 41914 14328 22139 49861 52619 32435 2800 34774 63615 19667 32236 63991 41006 46084 31318 44175 45509 31083 25791 63979 44143 54089 14752 23620 14142 8574 45782 41311 13383 51184 42486 47371 34531 22146 44667 47557 62571 3743 32159 51583 54131 8296 
3025 8423 21908 29756 47861 15269 15735 59006 32438 2179 54302 2474 30370 35919 61821 28952 55607 57494 48247 51166 46578 41437 28156 59629 1138 63149 6874 36612 2998 6563 27018 7318 503 56110 36324 2682 56288 65388 21095 2052 36822 30079 9971 63896 40167 40980 44492 11715 47958 50479 49025 32533 62985 22248 37057 65053 53796 46498 34479 32177 55675 52133 52087 46526 35566 6908 39565 15214 19852 60843 23687 16968 677 12247 53722 2276 60762 13748 7688 14157 4598 49547 13619 17856 19352 16807 46172 22697 38092 16227 36082 45949 23128 40639 57771 5895 3448 52971 38415 10581 
11681 32865 43769 9982 65126 59169 61169 44531 13944 48907 8995 61722 18524 58665 34876 1909 10069 1377 19929 51370 7938 33291 63235 58286 30260 56376 37155 11354 23572 4172 12595 33600 28296 2461 26772 40988 43073 1485 1126 65377 21913 29634 49459 30016 15688 64965 31467 61071 39557 16099 25986 21147 26313 43088 3698 6381 62066 42349 61058 40315 17701 11111 21156 32114 44045 59518 22134 50491 46669 12374 2767 40045 64546 43743 13175 52926 45838 27344 60898 30151 26240 33040 10938 39768 63263 61423 4473 40910 25064 43681 1025 50725 27015 7016 31281 38347 36315 4545 57277 6496 
7420 16205 40182 43947 45383 8400 19362 22639 58313 20336 57382 63881 38744 48287 41183 56631 9750 39271 36836 26938 22888 20849 53827 36070 47793 5403 25209 11054 31716 22970 12216 60691 7412 15040 46328 5275 35593 51912 18293 28501 49249 58105 58366 20806 52341 41141 58253 25038 48936 13529 37386 60838 23417 14734 19520 12264 51809 3257 2902 31535 10561 9325 53026 22079 60539 37509 46051 4002 55023 985 43114 6074 20344 58795 53639 10344 34513 19143 53728 4396 47823 8813 27362 61863 2652 52841 53172 1608 35877 53191 14016 65400 23467 18247 29456 49146 18960 44378 32180 56072 
39021 15010 36815 31565 4726 19387 22109 55116 64851 10908 36561 51143 48064 38232 57311 8791 29482 42546 7557 47747 2398 7650 33735 13632 30024 14533 54731 50651 54465 28829 12852 21176 28979 52032 43912 42685 17344 61016 58943 21115 1093 59547 13961 54840 32611 50418 30333 62840 46571 45039 22905 23246 52936 33269 19013 34907 15921 6987 28107 63195 10273 44945 28175 21077 5185 61517 56726 26711 54634 35738 39116 29923 50114 32563 58240 26160 50414 31292 37429 63005 24356 57218 731 6305 55617 53869 40162 41575 65028 56342 33063 13452 46859 44579 39738 52264 32825 34822 7869 28864 
4792 14643 3648 1192 36329 3460 40998 45449 21080 5055 35723 37747 26728 52945 36807 32448 14968 62603 27667 15700 61828 7590 44409 27214 47128 15767 34034 15997 12408 6859 33979 5949 5296 39294 33238 23999 60235 39883 42267 56441 48622 8348 24721 12143 37289 28780 23303 3832 17627 62817 48089 39786 60250 36980 47504 53610 19738 48604 15577 7946 34694 57101 23710 19578 13856 40436 7008 32700 48581 13035 11151 13733 5559 11206 7397 12671 43123 6536 31741 22408 6973 24368 54862 19864 58471 5060 48782 51232 17204 34072 59831 38470 21 2409 980 44948 27772 413 58772 51772 
11317 24797 1116 59049 524 25627 46553 45994 9954 61991 32876 44295 23864 45187 59166 62794 43438 53364 61840 5226 57914 38536 29341 20852 53296 57134 19300 12138 37850 9124 43730 13449 46456 65003 27375 63065 29082 32908 53131 7667 34936 10699 30811 51249 18571 39315 58532 26290 40277 21793 13233 47547 49949 1540 42774 47303 17568 49252 57482 45110 41107 62980 20758 60167 45304 53787 44569 33522 39869 38880 64748 55383 27498 7514 50100 19912 49941 905 36632 2039 32494 10876 60509 34572 33595 23437 21198 17352 60373 52785 60747 15883 643 14942 57602 23755 27003 30117 23991 61126 
46021 6699 58935 22518 11339 22443 3271 15392 29620 62408 21973 22769 46643 1824 596 18148 36250 15628 54139 9701 9183 40919 28634 40484 46626 3231 7903 19447 32110 41036 36659 5504 13808 12470 26691 56486 50393 25610 48742 44833 11249 723 7468 61775 27997 42668 18559 62163 60204 41615 39173 46291 1772 49175 53250 50027 13567 34691 56702 3926 48559 3153 27735 5098 44682 53494 43051 15223 17342 55598 61092 35058 30205 32584 54917 15715 61362 12789 62533 7835 25929 8800 27932 35425 17593 52822 54287 533 27177 33116 393 60504 34175 53491 43608 26815 45675 58207 7943 32888 
42187 4731 19525 11675 39337 64876 12583 35468 8651 62811 41489 52479 64643 58526 32634 51904 17144 18267 32593 55479 2534 23953 64335 33565 19972 25110 6119 28660 36384 44788 59264 41136 57854 12806 20221 3752 25513 58668 35407 21693 54912 16144 48250 49184 52788 61240 28099 62294 47 4257 21569 47181 6294 51063 65086 50654 54962 9045 50145 26825 32912 50122 31422 52110 55552 65184 36900 40674 49447 31884 29195 259 45166 33388 52807 57264 7838 26426 29096 40137 45072 46362 50908 1337 28454 61673 37284 30610 8385 16413 17636 61146 49028 32102 42433 42813 43696 4030 55982 25748 
60316 59249 51587 48574 2030 28892 7929 24190 19894 62563 2834 21905 30287 59709 51824 1798 6109 30268 55733 47405 37738 26202 64084 15844 46202 19744 42004 27468 2259 62316 6631 18228 17304 52391 56956 56541 61916 16217 38202 58600 19841 59989 10049 3245 666 13420 54663 61160 41921 765 3368 59801 34370 6339 57974 48571 1437 8980 61228 25615 48149 64745 55844 14498 60559 63941 48235 52127 53951 57899 40247 28182 23655 8388 17006 5932 7951 34293 36037 44363 30219 51075 38270 51798 4751 9989 8723 23956 63804 53461 49105 22631 58948 26494 24342 50119 32064 45128 38885 65183 
35743 39615 10027 12823 17730 4643 28346 5592 5903 2293 59109 10559 4891 51129 36022 40387 1366 21487 58617 17982 63198 10834 64601 40922 26660 58850 63687 3232 1380 20394 39778 61143 47226 1696 60196 42754 45323 3043 15522 10767 56533 62545 5975 10762 56998 42905 59010 4219 12037 44819 14260 32072 46533 49131 16815 45521 28839 11260 1325 26346 49066 28002 48407 19490 5343 42423 38342 35365 27143 37208 6495 1863 15120 31482 58672 34318 13296 38262 53211 14977 38965 6237 46988 62955 59375 40057 62958 58780 53169 1083 57325 15890 3249 3803 21281 38513 7715 9530 23272 56129 
45357 7786 3194 32288 22772 46144 21736 62337 31893 31801 13702 589 18646 47391 36655 6593 21181 29504 39048 23133 40140 45667 59090 14089 16200 40581 63587 16530 6817 47617 20709 13055 8771 31462 59761 57667 28678 26045 18720 25236 20060 16617 12196 57682 31673 31030 17459 37472 54044 7329 8129 63357 54488 32431 1713 57499 48009 48152 64279 41442 30279 60592 57982 47158 11667 39972 54626 36375 45250 52179 63884 38187 61271 20746 59206 55221 37357 24274 1033 50088 16777 42072 16511 32723 33036 9979 64533 46313 7972 38786 51163 46977 61973 39977 53916 62929 65063 52204 57911 37238 
2395 8081 53263 50325 20281 51558 56641 5357 47602 59997 8908 9379 48554 3618 16287 57919 38139 8533 41121 59969 11917 17390 65116 65257 47460 47658 17042 31201 14473 65272 45787 42657 20353 35093 42441 41648 33470 45198 57568 36492 59211 53323 59947 4151 1078 55315 17876 16980 3812 18586 37420 63535 27553 28065 51297 28665 35294 54578 43365 41103 64069 13915 43249 16435 21728 62988 21659 49929 4040 59477 17409 36389 44167 46152 20837 56207 50085 18039 57246 3738 32748 39607 8870 6681 64114 10349 33954 6415 8245 11101 19308 10983 48084 40084 37020 56977 47535 51921 18759 23504 
29250 10307 38054 473 52010 38194 57701 25999 21861 7439 59061 3661 854 63023 17249 40985 43570 22021 62899 50448 42042 31560 4101 6259 42888 60733 3312 8726 24551 43764 8448 34208 43460 61134 46664 12837 22791 28088 50771 23420 15357 8072 56893 61456 64794 988 43545 17522 48813 57306 8228 8418 22503 10228 19232 468 52436 61172 44928 26032 20190 6482 185 16598 13343 58639 40373 14253 29562 33088 3528 35605 50825 8248 11427 12458 25602 48107 34607 38081 14493 63284 64920 23143 34052 58870 61707 17379 63906 34095 63361 47637 22825 32188 56965 45155 34194 46465 37205 7841 
31873 30197 31429 65163 33363 54780 56301 63634 10657 18145 36841 28356 8878 8084 53884 38749 48876 62231 11490 7271 26820 34670 47116 13403 52145 49851 64253 30248 53369 63086 28588 44255 38583 26918 21801 13884 37301 31789 15434 19726 46096 29594 58316 19715 46062 2140 44329 19772 43093 3073 19237 935 40732 7969 38385 37907 18004 51300 28042 55830 9447 37652 20780 62159 59245 50626 56051 17432 32791 38914 1643 39903 44247 37690 16680 59929 3186 31661 28922 2928 28326 6553 28738 19203 5678 44996 19214 4560 54274 1515 4591 53177 438 63459 33058 14079 58563 24566 41291 15755 
34995 22832 29582 59904 576 20264 49881 49610 6654 18694 30493 32388 5318 43909 41283 14342 41149 58880 18880 24 3735 30738 57713 27715 6694 57801 11312 25262 22420 6012 14461 38328 48467 25244 19409 26855 37012 56092 37281 30177 29449 45512 32405 8057 46862 44112 51442 15869 47688 31141 5687 41462 32651 41971 7864 29363 16752 51430 13361 62731 34147 56498 52501 11081 17056 26020 18194 22033 64639 35411 22780 45517 31974 19633 18139 38433 14673 13687 27518 5270 36087 45326 2448 28522 56282 59044 1522 8157 64316 45973 15705 63098 26208 58268 27249 41891 14794 25342 28902 1841 
2539 23151 32905 52728 20027 31149 5050 35320 49339 39357 62624 32356 30282 60238 39352 63187 11692 34719 53567 26651 65113 64666 60076 19455 30947 34882 12291 12238 57320 15457 24441 65294 26960 26578 5801 62476 14299 16769 41429 26737 49379 47938 52451 61634 33747 15500 14859 50179 8014 43320 32771 37326 18728 26393 26194 65497 5610 2890 30574 19980 26523 16361 53444 46190 17644 60247 38794 49750 40847 19749 42599 14468 63750 51485 59460 20414 37550 41364 17596 52261 34759 62400 20568 28927 2307 15726 59468 18995 47776 7844 32498 9789 35600 50426 29680 56694 2779 38305 45921 22041 
63986 41565 59340 35715 38654 16486 29153 46473 38104 13999 50097 20411 37085 62044 46441 63060 30308 64330 33134 7628 37827 11670 40535 34474 32706 35507 14960 61702 17437 33380 52170 63422 41390 23924 39856 36894 34602 38578 27477 1761 51177 43972 36238 13504 39992 55587 59738 62260 15128 32631 52542 14654 2494 32622 49932 3515 48029 46548 46164 23844 48322 32851 46780 22885 22159 43397 49667 47758 3744 26148 52514 13695 28403 15512 13255 35648 58248 25533 60640 50444 43131 7173 21491 59576 8563 46376 55961 31394 51151 48717 48470 24815 6169 39218 43749 10943 39211 42199 7738 11016 
28269 26978 31639 26930 23781 31103 28019 46760 20649 6604 21827 2182 54893 23138 34679 46654 222 31122 2049 36261 9911 55078 50153 27972 43166 31994 16624 8598 54743 51610 45964 13163 49919 54339 10534 7465 62268 16021 22393 29198 880 58278 29625 62518 11795 5652 46604 7323 1545 41192 49921 2629 49243 64305 46187 18079 47263 26207 63527 28204 17839 30545 21943 25542 55781 40543 33575 22476 13699 62 6942 18634 46430 59490 23095 41590 62907 49309 35892 50296 10827 62059 43871 55815 12120 36767 23615 571 31277 39306 60054 21047 12150 40859 17641 59684 50242 13187 42494 48262 
44781 59826 37941 21469 63676 14757 24119 25846 53419 34983 20732 15565 5830 51397 9163 38427 8345 25314 31911 24700 18973 43684 1650 38381 38994 8473 35730 40257 23789 31986 17789 2456 27367 62420 22932 16316 62917 63467 33967 7921 23539 26040 19283 12636 49033 31384 56839 59864 43663 5125 57075 33432 42247 53304 55971 25450 36954 43412 51644 42501 947 38608 20578 26935 24214 10935 40102 36057 41226 4422 33909 26037 19629 19098 61804 31399 50620 60805 19587 23198 59834 37304 31699 18316 1003 46127 26657 59281 43791 64885 16149 48649 37864 16353 54601 40032 64476 53529 32146 52865 
43189 28301 3054 15196 20937 37424 62574 3308 11863 14506 59650 53707 859 61905 14503 61180 43533 19902 61934 8988 60065 19457 805 50855 12348 13429 56245 55917 4578 51271 31344 47366 33053 11588 57502 47610 61392 2754 39827 34788 58426 13128 54533 46931 36060 41849 17038 30112 24516 48398 16912 8282 6036 24444 64893 15000 38407 11480 1455 16209 37047 52454 62129 53275 52569 122 13728 6084 30734 60720 2830 22992 4354 43723 15035 33277 20424 41045 33025 8453 34771 64012 7963 35897 50054 20877 48270 43872 49596 11013 27027 4772 13682 26893 18270 32034 35711 63539 26592 2796 
35735 40754 3877 36135 32524 63547 25197 8930 13479 42364 58685 33264 18486 56211 53220 8506 40040 65105 63767 49826 62671 17069 25178 15572 6388 64576 37352 23713 22465 12925 31736 22011 18677 44773 60479 48187 60653 49906 54205 21216 21452 62211 9518 21284 37890 19947 54511 24729 10978 47527 53084 24905 58592 18444 49755 39025 14051 59522 14523 58045 52544 3656 293 42471 45748 39528 23441 24207 9349 43043 16122 27568 26142 54506 25322 31018 18546 62765 37098 60522 39226 44904 689 9755 40601 62498 10207 22871 19146 54814 27370 62506 8786 29017 62970 60496 33010 63741 5480 21233 
22643 61320 10301 41936 2370 4515 58506 30390 34179 48702 36318 5042 35957 59573 9869 52974 38012 31389 56436 47632 23386 11892 12112 35346 29745 48395 16483 29586 58945 25869 3294 12818 18225 16875 40815 12201 59052 127 14291 17420 35291 55105 64173 20826 49204 51192 41083 37125 14803 27852 17507 46354 50001 11575 53270 51879 31676 31557 6139 25525 59757 60674 5963 9803 47595 58479 5705 38528 30480 31098 28416 58720 41340 9149 42208 12 1883 14161 7607 42694 30405 46347 52579 6578 25141 29 3300 11226 4260 22066 60293 59715 64774 3997 52564 1924 20070 22817 30769 63115 
3923 49116 24473 40322 10651 24361 55420 31005 22084 55678 51670 39103 17515 45215 60255 37383 59992 8383 30571 19583 13395 52796 60085 17869 19558 14945 64185 22678 36727 15166 27390 64998 27921 36255 16255 32947 54320 6574 28276 26448 20242 56081 38495 3623 15852 45559 25902 6948 20738 58059 65467 11997 25756 60945 53119 30387 34800 60918 31755 10691 32214 57407 63419 41949 3772 27237 43631 30345 40504 47715 27602 23849 47932 64405 63577 22874 19764 44504 9231 62485 14825 29956 5110 41675 47035 60381 52156 50501 33083 14541 53318 60885 27633 19155 55340 24175 17929 59624 1537 42341 
60175 46453 64021 4393 47292 29093 39735 52182 64511 50915 7810 27515 5861 57151 16603 13281 40649 54096 14226 26817 34077 60356 50574 61888 13080 62071 42782 48458 27822 32596 56004 23086 44100 49470 29374 18062 45856 31444 62772 40664 55535 11033 26066 30185 30340 39366 49573 9527 23830 41095 65480 7765 6081 31357 48888 64219 25505 57505 41537 60301 60622 54536 45229 63258 60828 17073 28187 23449 23298 3211 5907 1204 33192 27337 58320 16706 54435 19370 24034 52167 61504 55912 5009 39823 35749 33655 28862 9678 12712 54473 29968 6714 60808 19325 8536 42847 37255 24680 17361 58855 
64180 24424 62641 30171 27329 58973 26956 27539 29156 47098 50960 51066 63936 48664 38999 9066 55386 27796 26268 36177 19959 55470 2004 26900 18796 18855 14684 12937 4280 23155 36040 43701 3533 35174 38209 53741 5842 49417 27784 27357 59932 3585 10341 33071 12545 40709 4371 41332 9776 36078 48956 15637 56649 4448 37372 21869 6274 52923 45437 14616 7223 20406 38691 35226 64396 63083 28127 65303 26466 21335 42122 16054 16515 4382 42634 24054 49675 48899 9902 55572 63340 57191 25124 2978 4207 9929 57424 52082 47053 55590 60201 41212 51917 17670 15517 12724 55432 4701 22988 7491 
52614 31053 28982 51507 63552 22376 31153 8187 61109 33613 26998 29275 9841 40995 46074 400 57962 45562 25296 24802 8167 58100 58368 10880 33424 41098 63542 26003 22820 31298 42307 65158 34221 44602 38152 63661 12826 17084 27109 8287 5607 3252 3240 233 26532 9298 54425 21090 2679 56350 33962 7298 2107 37997 28962 49407 46851 43950 45876 29464 47735 25118 4714 18426 12560 38074 3480 44135 54980 4526 58228 3440 52070 48641 38501 6127 27257 42542 4548 56782 19112 60713 1340 27989 41761 24689 19939 53602 18583 38354 33769 9540 28062 54234 27556 28626 39849 40492 45999 9361 
41455 29113 38774 44187 47113 13864 39033 13166 49292 34699 55539 10072 671 13855 34383 7997 39344 62302 1442 14511 60273 33283 62094 52128 51460 58998 31547 8333 27438 13284 40122 32920 50759 21168 29886 58190 5304 40179 43480 57999 53509 29139 43468 60227 40518 36117 25417 34720 51844 27718 6229 45569 56805 22751 42551 8182 59723 63627 10131 29284 15818 42110 22006 20235 54563 41690 48132 63318 50863 13745 7291 25733 57379 64506 50320 19786 39598 11412 11932 18513 58071 62458 18832 10090 7898 18820 11942 20889 46402 58403 15738 57728 1392 18022 54305 4625 29439 27203 49126 18001 
51735 15938 11203 7830 25271 22950 9209 35422 24322 51723 12803 19598 23904 37500 57181 31724 23607 1974 21027 9914 53464 47151 9121 43169 26433 17581 51098 39756 65235 41132 60863 21835 3339 65123 58706 48441 23590 3081 20136 11177 8236 9583 32745 39108 29038 60364 49155 55758 35880 51257 19718 45469 23444 23804 30541 23030 1163 39443 28308 1500 4057 58346 22666 33590 23667 10504 3373 60394 54666 59670 55303 19480 3351 61986 33311 65231 44269 35570 5821 64960 30872 48455 27472 1170 37921 23057 47103 50531 38066 2069 33897 27124 11232 2412 423 64604 40361 15340 5175 49846 
64771 3566 40604 63057 29719 43138 28859 10173 25184 9500 20321 60313 58626 39499 19563 15775 33151 5747 36680 8325 28323 7146 9098 47830 11359 24167 17284 49382 47409 40747 279 47522 52527 12929 5429 29309 13304 37115 59349 34225 41595 62021 47963 49873 50247 12784 63030 19795 38044 6161 40127 33515 38287 41829 20175 4845 7218 19909 50411 30799 49661 1992 25941 11809 2641 51607 46194 18605 35866 54396 12957 6516 5424 28686 24624 24878 56740 29714 43761 9075 54888 22545 54463 18411 15023 34865 139 23699 19332 19942 54033 7007 25607 47512 54503 25876 748 1687 62738 35665 
59447 32566 57843 13816 13627 16461 25494 65175 36370 45745 38939 2137 44890 7924 22912 13936 47750 2861 20010 29202 3889 34027 12367 1277 43240 19969 24677 17455 40481 46161 24407 61194 29062 36045 43206 24069 30899 44848 8270 7768 4159 443 61469 64228 30746 58620 17485 42262 56199 50728 28281 24750 13524 38388 38496 5532 14769 22523 11189 11373 16930 15391 26639 63381 46041 5738 33146 5120 56448 53584 21714 59977 11008 27616 16748 50343 21372 46845 30120 23113 38144 64800 6676 64908 21419 51783 6448 15246 12032 44384 25724 35997 36788 20040 18725 24807 7572 45372 5589 4337 
